20	

4	8	5	20	20	6	13	2	20	4	2	6	20	

0	0	0	1	1	1	0	0	1	0	0	1	1	
0	0	0	1	1	1	1	0	1	0	0	0	1	
1	2	0	1	1	1	1	0	1	0	0	0	1	
0	0	0	1	1	0	0	0	1	0	0	0	1	
1	1	0	1	1	1	0	0	1	0	0	0	1	
0	0	0	0	1	0	0	0	1	0	0	0	1	
0	0	0	1	1	0	0	0	1	0	0	0	1	
0	0	0	1	1	0	0	0	1	0	0	0	1	
0	1	1	1	0	0	0	0	1	0	0	0	1	
0	2	1	1	1	1	1	1	1	0	0	0	1	
0	0	1	1	1	0	0	0	1	0	0	0	1	
0	1	0	1	0	1	0	0	1	0	0	0	1	
0	0	0	1	0	0	0	0	1	1	1	0	1	
1	1	1	1	1	0	0	0	1	1	1	0	1	
0	1	0	1	1	0	1	0	1	0	0	1	1	
0	0	0	1	0	0	0	0	1	0	0	1	1	
0	0	0	1	0	0	0	0	1	0	0	1	1	
1	2	1	1	1	0	1	0	1	1	0	1	1	
0	0	0	1	1	0	0	0	1	0	0	1	1	
0	1	0	1	1	0	0	1	1	1	0	0	1	